[TRANSECTS]
;;Transect Data in HEC-2 format
;
NC 0.02     0.02     0.02    
X1 干流-起点             4        0.0      0.0      0.0      0.0      0.0      0.0      0.0     
GR 70.300   0.000    67.300   2.500    67.300   5.500    70.300   7.000   
;
;3457-3457-5045
NC 0.02     0.02     0.02    
X1 DD1.1河道断面         10       0.0      0.0      0.0      0.0      0.0      0.0      0.0     
GR 50.557   0.000    48.276   4.524    47.901   5.603    46.890   7.349    46.890   15.302  
GR 47.257   17.119   47.257   18.154   47.257   18.159   47.690   19.376   50.557   25.453  
;
;5045-5045-5045-6650
NC 0.02     0.02     0.02    
X1 anhezha下河道断面      23       0.0      0.0      0.0      0.0      0.0      0.0      0.0     
GR 48.202   0.000    45.566   7.927    45.566   7.929    45.563   7.970    45.539   10.879  
GR 45.539   10.880   45.519   10.916   45.190   11.364   44.064   12.845   44.064   12.845  
GR 44.057   12.887   44.057   22.683   44.516   24.010   45.256   25.614   45.385   25.895  
GR 45.393   25.918   45.493   26.933   45.493   27.974   45.496   28.004   45.686   28.810  
GR 46.238   30.597   46.507   31.302   48.202   36.472  
;
;5045-5045-6650
NC 0.02     0.02     0.02    
X1 DD2.1河道断面         18       0.0      0.0      0.0      0.0      0.0      0.0      0.0     
GR 48.142   0.000    46.398   5.403    46.088   6.127    45.548   8.003    45.411   8.890   
GR 45.411   9.977    45.211   11.053   45.084   11.349   44.358   13.045   44.035   14.484  
GR 44.035   24.128   44.048   24.169   45.167   25.620   45.487   26.064   45.501   26.102  
GR 45.547   28.967   45.553   29.007   48.142   36.815  
;
;5045-6650-6650
NC 0.02     0.02     0.02    
X1 DD3.1河道断面         18       0.0      0.0      0.0      0.0      0.0      0.0      0.0     
GR 47.486   0.000    45.687   6.285    45.356   7.127    45.139   7.992    44.529   8.940   
GR 44.509   9.089    44.509   11.389   44.198   12.986   43.797   15.043   43.797   16.789  
GR 43.797   21.519   43.797   27.010   44.445   28.773   44.617   29.300   44.674   32.381  
GR 44.777   32.997   45.375   33.896   47.486   40.576  
;
;6650
NC 0.02     0.02     0.02    
X1 xiaojiahe下3河道断面   8        0.0      0.0      0.0      0.0      0.0      0.0      0.0     
GR 46.781   0.000    44.602   8.589    43.540   9.308    43.540   17.782   43.540   23.087  
GR 43.540   36.293   44.513   37.094   46.781   44.616  
;
;xiaojiahe下3.1 6650-6750
NC 0.02     0.02     0.02    
X1 xjh1河道断面          12       0.0      0.0      0.0      0.0      0.0      0.0      0.0     
GR 45.964   0.000    43.289   10.789   43.265   10.812   42.080   11.367   41.976   11.605  
GR 41.996   22.272   41.989   27.404   41.976   36.816   42.652   38.506   42.829   39.837  
GR 43.514   40.784   45.729   48.054  
;
;xjh1.1河道断面下游：6750
NC 0.02     0.02     0.02    
X1 xjh2河道断面          7        0.0      0.0      0.0      0.0      0.0      0.0      0.0     
GR 45.002   0.000    41.736   13.413   40.135   13.944   40.180   27.556   40.135   41.523  
GR 41.608   42.762   44.490   52.101  
;
;xjh2.1河道断面下游：6750-6750-6750-8000
NC 0.02     0.02     0.02    
X1 xjh3河道断面          19       0.0      0.0      0.0      0.0      0.0      0.0      0.0     
GR 44.463   0.000    42.542   6.302    42.110   7.478    41.514   9.580    41.509   9.586   
GR 41.507   9.588    40.236   10.812   40.192   10.855   40.117   10.941   40.129   15.799  
GR 40.161   25.283   40.236   27.804   40.256   38.119   40.260   38.387   40.271   38.474  
GR 41.287   38.840   41.639   38.971   41.790   39.042   44.949   52.060  
;
;xjh3.1河道断面下游：6750-6750-8000
NC 0.02     0.02     0.02    
X1 DD4.1河道断面         15       0.0      0.0      0.0      0.0      0.0      0.0      0.0     
GR 44.673   0.000    42.035   11.118   41.769   11.292   40.905   11.774   40.874   11.998  
GR 40.570   20.678   40.066   22.747   40.022   33.515   40.023   39.168   40.053   39.231  
GR 41.026   41.007   41.027   41.010   41.460   43.465   42.250   44.658   44.326   51.845  
;
;DD4.1河道断面下游：6750-6750-8000-6750-8000
NC 0.02     0.02     0.02    
X1 DD5.1河道断面         23       0.0      0.0      0.0      0.0      0.0      0.0      0.0     
GR 44.188   0.000    42.455   7.830    42.420   7.963    42.377   8.033    42.014   8.620   
GR 41.964   8.711    41.956   8.764    41.160   14.684   41.067   14.757   39.897   15.656  
GR 39.832   28.794   39.833   28.904   39.857   35.785   39.865   35.858   39.875   35.944  
GR 40.170   38.411   40.170   38.415   40.171   38.422   40.313   41.478   40.313   41.490  
GR 41.658   42.603   41.715   42.651   44.083   51.468  
;
;shucun下2.1河道断面上游：8500-8500-8700
NC 0.02     0.02     0.02    
X1 shucun下2河道断面      15       0.0      0.0      0.0      0.0      0.0      0.0      0.0     
GR 43.722   0.000    41.224   10.491   40.765   10.747   40.115   11.110   39.560   11.420  
GR 39.560   11.966   39.560   13.425   39.560   25.165   39.560   26.219   39.560   28.056  
GR 39.559   39.284   41.096   40.105   41.319   41.314   41.665   43.190   43.594   53.650  
;
;shucun下2.1河道断面下游：8500-8700
NC 0.02     0.02     0.02    
X1 DD6.1河道断面         11       0.0      0.0      0.0      0.0      0.0      0.0      0.0     
GR 43.187   0.000    40.851   12.571   39.587   14.485   38.961   15.824   38.955   27.985  
GR 38.956   29.706   38.962   41.702   39.669   42.872   40.587   43.492   40.959   44.084  
GR 43.319   54.421  
;
;DD6.1河道断面下游：8700-9000
NC 0.02     0.02     0.02    
X1 shucun上河道断面       11       0.0      0.0      0.0      0.0      0.0      0.0      0.0     
GR 43.039   0.000    40.772   10.251   40.610   10.969   39.321   11.959   38.553   12.554  
GR 38.540   25.549   38.539   26.112   38.553   39.825   40.163   41.347   40.410   41.582  
GR 42.906   54.952  
;
;shucun上.1河道断面下游：9000-10000-10000
NC 0.02     0.02     0.02    
X1 DD7.1河道断面         15       0.0      0.0      0.0      0.0      0.0      0.0      0.0     
GR 42.294   0.000    39.976   13.074   39.948   13.132   38.537   14.582   38.420   24.495  
GR 38.259   28.304   38.259   28.430   38.278   38.237   38.289   43.304   38.315   43.380  
GR 39.843   45.277   39.937   45.496   40.263   47.377   40.754   49.158   42.180   56.217  
;
;DD7.1河道断面下游：9000-10000-10000-10000
NC 0.02     0.02     0.02    
X1 DD8.1河道断面         19       0.0      0.0      0.0      0.0      0.0      0.0      0.0     
GR 42.257   0.000    40.559   9.594    40.544   9.638    39.877   10.891   39.233   18.112  
GR 39.228   18.155   38.216   20.498   38.185   20.577   38.181   33.221   38.181   33.271  
GR 38.191   39.753   38.201   39.855   38.794   42.787   38.831   43.087   38.959   45.537  
GR 38.964   45.600   40.217   47.492   40.259   47.559   42.089   56.579  
;
;jingbao下2.1河道断面上游：10000-10200-10200
NC 0.02     0.02     0.02    
X1 jingbao下2河道断面     15       0.0      0.0      0.0      0.0      0.0      0.0      0.0     
GR 41.660   0.000    39.897   6.522    38.436   7.860    38.268   12.180   38.265   12.209  
GR 37.949   14.302   37.944   17.787   37.953   27.393   37.953   27.566   39.184   28.074  
GR 39.998   30.876   40.082   31.023   40.539   31.717   40.618   31.864   41.781   34.575  
;
;jingbao下2.1河道断面下游：10200-10200-11000
NC 0.02     0.02     0.02    
X1 JD3河道断面           19       0.0      0.0      0.0      0.0      0.0      0.0      0.0     
GR 41.732   0.000    40.833   5.658    40.466   7.591    40.321   8.606    40.283   8.832   
GR 40.014   9.900    39.221   16.260   37.857   18.271   37.856   20.000   37.845   33.140  
GR 37.849   38.514   37.951   40.961   37.956   41.917   37.988   43.727   38.070   45.921  
GR 38.130   47.965   38.192   48.050   39.717   50.188   41.547   60.120  
;
;JD3.1河道断面下游10200-11000
NC 0.02     0.02     0.02    
X1 万泉河-出口河道断面        15       0.0      0.0      0.0      0.0      0.0      0.0      0.0     
GR 41.498   0.000    39.799   12.215   38.701   16.309   38.538   18.511   38.454   18.996  
GR 37.288   21.093   37.285   40.453   37.285   42.107   37.288   59.814   38.166   62.004  
GR 38.208   62.918   38.470   64.631   39.184   66.619   39.728   68.610   41.452   80.693  
;
;万泉河-出口.1河道断面下游：11000-11000-12000
NC 0.02     0.02     0.02    
X1 DD9.1河道断面         23       0.0      0.0      0.0      0.0      0.0      0.0      0.0     
GR 40.824   0.000    39.354   10.866   38.745   14.060   38.586   14.543   38.028   16.861  
GR 37.234   18.846   37.170   22.706   36.893   30.621   36.857   35.722   36.610   40.195  
GR 36.610   44.242   36.610   57.492   36.610   65.736   36.951   68.794   37.000   72.346  
GR 37.095   73.713   37.360   74.711   38.151   76.694   38.412   77.618   38.684   78.744  
GR 38.715   79.014   39.363   82.702   40.824   93.510  
;
;qinghe下.1河道断面上游：12500
NC 0.02     0.02     0.02    
X1 qinghe下河道断面       7        0.0      0.0      0.0      0.0      0.0      0.0      0.0     
GR 39.675   0.000    37.415   15.000   35.900   20.000   35.900   50.000   35.900   80.000  
GR 37.415   85.000   39.675   100.000 
;
;qinghe下.1河道断面下游：12500-13000
NC 0.02     0.02     0.02    
X1 小月河-出口河道断面        11       0.0      0.0      0.0      0.0      0.0      0.0      0.0     
GR 39.439   0.000    37.101   14.867   37.028   15.107   35.116   20.000   35.116   49.923  
GR 35.116   50.068   35.116   79.846   35.176   80.122   37.073   84.983   37.084   85.021  
GR 39.439   100.000 
;
;qinghe下.1河道断面下游：12500-13000-13000
NC 0.02     0.02     0.02    
X1 DD10.1河道断面        15       0.0      0.0      0.0      0.0      0.0      0.0      0.0     
GR 39.392   0.000    37.286   13.345   37.222   13.561   35.582   17.974   35.391   32.652  
GR 34.960   44.719   34.960   44.879   34.960   65.467   34.960   77.742   35.010   78.048  
GR 36.577   83.512   36.586   83.555   36.861   85.893   37.741   89.617   39.392   100.000 
;
;DD10.1河道断面下游：14000-14500
NC 0.02     0.02     0.02    
X1 DD11河道断面          11       0.0      0.0      0.0      0.0      0.0      0.0      0.0     
GR 38.806   0.000    36.549   10.072   35.507   14.736   33.856   20.000   33.856   49.953  
GR 33.856   50.019   33.856   79.906   33.873   80.034   35.490   85.197   36.552   89.947  
GR 38.806   100.000 
;
;DD11.1河道断面下游：14500-15000
NC 0.02     0.02     0.02    
X1 DD12河道断面          11       0.0      0.0      0.0      0.0      0.0      0.0      0.0     
GR 38.616   0.000    36.642   10.152   35.706   14.870   33.629   20.000   33.629   49.980  
GR 33.629   50.036   33.629   79.959   33.662   80.065   35.698   85.101   36.648   89.884  
GR 38.616   100.000 
;
;xiaqinghe下2.1河道断面上游：15000
NC 0.02     0.02     0.02    
X1 xiaqinghe下2河道断面   7        0.0      0.0      0.0      0.0      0.0      0.0      0.0     
GR 38.520   0.000    36.050   10.000   33.470   20.000   33.470   50.000   33.470   80.000  
GR 36.050   90.000   38.520   100.000 
;
;xiaqinghe下2.1河道断面下游：15000-15200
NC 0.02     0.02     0.02    
X1 xiaqinghe上河道断面    11       0.0      0.0      0.0      0.0      0.0      0.0      0.0     
GR 38.131   0.000    35.087   9.824    35.031   10.005   33.431   20.000   33.431   49.998  
GR 33.431   50.000   33.431   79.997   33.431   80.000   35.031   89.995   35.092   90.186  
GR 38.216   100.000 
;
;xiaqinghe上.1河道断面下游：15300-15300-16000
NC 0.02     0.02     0.02    
X1 xiaqinghe下河道断面    13       0.0      0.0      0.0      0.0      0.0      0.0      0.0     
GR 37.141   0.000    34.492   9.864    32.922   15.709   31.843   19.727   31.781   22.509  
GR 31.643   31.764   31.426   49.326   31.728   74.268   31.785   78.929   34.335   89.666  
GR 35.130   93.184   36.066   96.779   36.997   100.363 
;
;xiaqinghe下.1河道断面下游：15300-16000
NC 0.02     0.02     0.02    
X1 DD13河道断面          9        0.0      0.0      0.0      0.0      0.0      0.0      0.0     
GR 36.524   0.000    33.985   8.252    31.396   16.520   31.268   50.764   31.281   54.148  
GR 31.396   85.008   31.912   91.709   33.422   96.521   36.956   107.788 
;
;DD13.1河道断面下游：16000-17500
NC 0.02     0.02     0.02    
X1 清洋河-出口河道断面        7        0.0      0.0      0.0      0.0      0.0      0.0      0.0     
GR 36.099   0.000    30.855   14.750   30.855   54.725   30.855   54.766   30.855   94.700  
GR 30.866   94.780   36.328   111.750 
;
;清洋河-出口.1河道断面下游：16000-17500-17500
NC 0.02     0.02     0.02    
X1 DD14河道断面          9        0.0      0.0      0.0      0.0      0.0      0.0      0.0     
GR 36.092   0.000    31.087   14.075   30.842   52.180   30.842   52.223   30.842   76.889  
GR 30.842   93.911   30.852   93.995   32.941   101.269  36.306   111.750 
;
;DD14.1河道断面下游：16000-17500-17500-17500
NC 0.02     0.02     0.02    
X1 DD15河道断面          11       0.0      0.0      0.0      0.0      0.0      0.0      0.0     
GR 36.001   0.000    34.112   5.242    30.671   18.854   30.667   18.870   30.667   57.167  
GR 30.667   57.185   30.667   83.596   30.668   83.728   30.897   95.446   30.898   95.468  
GR 36.025   111.750 
;
;yangfang下2.1河道断面上游：17500-17500-18000
NC 0.02     0.02     0.02    
X1 yangfang下2河道断面    13       0.0      0.0      0.0      0.0      0.0      0.0      0.0     
GR 36.041   0.000    33.388   10.788   32.181   16.215   31.931   19.054   31.262   29.441  
GR 30.521   31.916   30.521   35.434   30.521   53.437   30.521   60.376   30.658   89.076  
GR 31.435   90.775   32.280   95.567   36.041   111.479 
;
;yangfang下2.1河道断面下游：18260-18823
NC 0.02     0.02     0.02    
X1 DD16河道断面          11       0.0      0.0      0.0      0.0      0.0      0.0      0.0     
GR 34.283   0.000    31.841   16.481   29.648   16.891   29.229   31.634   28.486   37.356  
GR 28.486   64.268   28.486   74.934   30.100   75.851   30.611   81.518   31.407   84.062  
GR 34.296   103.014 
;
;DD16.1河道断面下游：18823-19000
NC 0.02     0.02     0.02    
X1 dscbr1河道断面        15       0.0      0.0      0.0      0.0      0.0      0.0      0.0     
GR 33.399   0.000    30.549   29.081   29.940   31.345   29.717   34.253   28.646   34.444  
GR 28.574   36.371   28.201   36.438   28.201   69.674   28.201   100.278  28.574   100.334 
GR 28.672   102.530  28.950   103.894  30.571   103.894  30.752   104.631  33.399   131.071 
;
;DD17.1河道断面上：19000-20000-20000-20000
NC 0.02     0.02     0.02    
X1 DD17河道断面          23       0.0      0.0      0.0      0.0      0.0      0.0      0.0     
GR 33.289   0.000    30.040   29.274   29.122   30.048   28.943   32.009   28.920   32.047  
GR 28.907   32.063   27.979   33.000   27.518   33.000   27.355   33.177   27.284   33.266  
GR 27.192   33.436   27.192   65.500   27.192   99.522   27.273   99.673   27.336   99.751  
GR 27.566   100.000  28.028   100.000  28.873   100.861  28.897   100.889  28.934   100.951 
GR 28.938   100.998  29.627   101.587  33.289   138.000 
;
;DD17.1河道断面下游：20700-21461
NC 0.02     0.02     0.02    
X1 DD18河道断面          7        0.0      0.0      0.0      0.0      0.0      0.0      0.0     
GR 31.471   0.000    26.111   17.975   25.844   20.573   25.844   42.299   25.844   85.516  
GR 25.884   85.858   32.490   104.345 
;
;DD18.1河道断面下游：21461-21461-22700
NC 0.02     0.02     0.02    
X1 DD19河道断面          9        0.0      0.0      0.0      0.0      0.0      0.0      0.0     
GR 31.260   0.000    25.942   17.226   25.942   17.227   25.593   20.186   25.593   40.577  
GR 25.593   89.342   25.614   89.529   25.619   89.547   32.096   110.591 
;
;DD19.1河道断面下游：22700-23000
NC 0.02     0.02     0.02    
X1 JD8河道断面           9        0.0      0.0      0.0      0.0      0.0      0.0      0.0     
GR 30.576   0.000    28.174   15.184   25.155   16.876   25.028   25.114   25.028   51.413  
GR 25.028   91.854   25.043   92.502   28.091   94.334   31.378   108.100 
;
;DD20.1河道断面上游：Q1
NC 0.02     0.02     0.02    
X1 DD20河道断面          6        0.0      0.0      0.0      0.0      0.0      0.0      0.0     
GR 31.060   0.000    27.440   38.277   24.230   48.138   24.230   90.783   27.440   113.007 
GR 30.190   138.764 
;
;万泉河-起点.1河道断面上游：万泉河闸1
NC 0.02     0.02     0.02    
X1 万泉河-起点河道断面        5        0.0      0.0      0.0      0.0      0.0      0.0      0.0     
GR 47.350   0.000    43.910   1.391    43.810   5.764    43.910   10.129   47.350   10.812  
;
;万泉河-起点.1河道断面下游：万泉河桥1-万泉河桥10
NC 0.02     0.02     0.02    
X1 DD1-1河道断面         7        0.0      0.0      0.0      0.0      0.0      0.0      0.0     
GR 46.546   0.000    42.892   1.322    42.796   5.742    42.797   6.175    42.884   10.163  
GR 43.345   10.732   46.546   11.945  
;
;DD1-1.1河道断面下：万泉河桥1-万泉河桥10-万泉河桥10
NC 0.02     0.02     0.02    
X1 DD1-2河道断面         9        0.0      0.0      0.0      0.0      0.0      0.0      0.0     
GR 46.318   0.000    42.721   1.340    42.626   5.774    42.626   6.158    42.626   6.208   
GR 42.712   10.208   43.103   10.805   43.132   10.822   46.318   12.000  
;
;DD1-2.1河道断面下游：万泉河桥1-万泉河桥10-万泉河桥10-万泉河桥10
NC 0.02     0.02     0.02    
X1 DD1-3河道断面         11       0.0      0.0      0.0      0.0      0.0      0.0      0.0     
GR 45.740   0.000    42.288   1.388    42.194   5.862    42.190   6.241    42.190   6.250   
GR 42.191   6.300    42.276   10.336   42.490   10.994   42.505   11.019   42.509   11.024  
GR 45.740   12.147  
;
;DD1-3.1河道断面下：万泉河桥10-万泉河闸3
NC 0.02     0.02     0.02    
X1 DD1-4河道断面         7        0.0      0.0      0.0      0.0      0.0      0.0      0.0     
GR 44.870   0.000    41.646   1.464    41.547   6.240    41.548   6.319    41.646   11.020  
GR 41.761   11.095   44.826   12.058  
;
;DD1-4.1河道断面下：万泉河桥10-万泉河闸3-万泉河闸3
NC 0.02     0.02     0.02    
X1 DD1-5河道断面         9        0.0      0.0      0.0      0.0      0.0      0.0      0.0     
GR 44.686   0.000    41.518   1.481    41.419   6.155    41.419   6.225    41.419   6.232   
GR 41.517   10.832   41.600   10.922   41.606   10.925   44.607   11.845  
;
;DD1-5.1河道断面下游：万泉河闸3-万泉河桥14
NC 0.02     0.02     0.02    
X1 DD1-6河道断面         7        0.0      0.0      0.0      0.0      0.0      0.0      0.0     
GR 43.868   0.000    40.287   1.447    40.188   6.401    40.190   6.608    40.284   11.354  
GR 40.570   11.572   43.812   12.640  
;
;DD1-6.1河道断面下游：万泉河桥14-万泉河桥16
NC 0.02     0.02     0.02    
X1 DD1-7河道断面         7        0.0      0.0      0.0      0.0      0.0      0.0      0.0     
GR 42.961   0.000    39.651   2.742    39.554   7.918    39.551   8.089    39.644   13.095  
GR 39.668   13.425   42.961   15.024  
;
;DD1-7.1河道断面下：万泉河桥25-万泉河桥29
NC 0.02     0.02     0.02    
X1 DD1-8河道断面         7        0.0      0.0      0.0      0.0      0.0      0.0      0.0     
GR 41.257   0.000    38.652   1.281    38.040   2.494    37.951   8.412    38.043   14.575  
GR 38.494   15.339   41.257   16.754  
;
;小月河-起点.1河道断面上游：小月河出口
NC 0.02     0.02     0.02    
X1 小月河起点河道断面         5        0.0      0.0      0.0      0.0      0.0      0.0      0.0     
GR 47.380   0.000    40.330   14.074   40.230   19.976   40.330   25.886   47.380   37.122  
;
;小月河-起点.1河道断面下游：小月河出口-小月河出口-小月河桥2
NC 0.02     0.02     0.02    
X1 DD2-1河道断面         9        0.0      0.0      0.0      0.0      0.0      0.0      0.0     
GR 47.373   0.000    40.329   14.049   40.230   19.952   40.230   19.965   40.250   21.151  
GR 40.329   25.861   40.343   25.884   41.572   27.851   47.373   37.101  
;
;DD2-1.1河道断面下游：小月河出口-小月河桥2
NC 0.02     0.02     0.02    
X1 DD2-2河道断面         7        0.0      0.0      0.0      0.0      0.0      0.0      0.0     
GR 45.809   0.000    40.215   8.712    40.129   14.679   40.119   15.876   40.188   20.654  
GR 40.444   22.981   45.809   32.600  
;
;DD2-2.1河道断面下游：小月河桥2-小月河桥7
NC 0.02     0.02     0.02    
X1 DD2-3河道断面         7        0.0      0.0      0.0      0.0      0.0      0.0      0.0     
GR 45.825   0.000    39.891   7.586    39.794   15.305   39.801   16.372   39.885   23.030  
GR 40.594   24.981   45.853   33.137  
;
;DD2-3.1河道断面下游：小月河桥2-小月河桥7-小月河桥7
NC 0.02     0.02     0.02    
X1 DD2-4河道断面         9        0.0      0.0      0.0      0.0      0.0      0.0      0.0     
GR 46.395   0.000    39.425   7.678    39.333   16.277   39.330   17.433   39.330   17.466  
GR 39.410   24.884   39.751   27.131   39.755   27.138   46.467   35.584  
;
;DD2-4.1河道断面下游：小月河桥7-小月河桥11
NC 0.02     0.02     0.02    
X1 DD2-5河道断面         7        0.0      0.0      0.0      0.0      0.0      0.0      0.0     
GR 46.784   0.000    43.540   3.237    38.961   7.960    38.863   18.540   38.950   27.789  
GR 38.971   29.116   46.891   37.778  
;
;DD2-5.1河道断面下游：小月河桥7-小月河桥11-小月河桥11
NC 0.02     0.02     0.02    
X1 DD2-6河道断面         9        0.0      0.0      0.0      0.0      0.0      0.0      0.0     
GR 42.297   0.000    37.836   6.057    37.831   6.094    36.460   16.441   36.471   24.237  
GR 36.529   31.052   36.529   31.053   36.892   31.917   42.299   38.710  
;
;DD2-6.1河道断面下游：小月河桥7-小月河桥11-小月河桥11-小月河桥11
NC 0.02     0.02     0.02    
X1 DD2-7河道断面         11       0.0      0.0      0.0      0.0      0.0      0.0      0.0     
GR 41.458   0.000    36.820   6.520    36.765   6.690    36.762   6.731    35.993   18.045  
GR 36.023   25.343   36.076   31.719   36.077   31.722   36.077   31.722   36.495   32.489  
GR 41.440   38.944  
;
;清洋河-中.1河道断面上：仰山沟桥1
NC 0.02     0.02     0.02    
X1 清洋河-中河道断面         5        0.0      0.0      0.0      0.0      0.0      0.0      0.0     
GR 39.460   0.000    34.630   3.177    34.530   17.045   34.630   30.914   39.660   34.747  
;
;清洋河-中.1河道断面下游：仰山沟闸1-仰山沟桥4
NC 0.02     0.02     0.02    
X1 qyhb2河道断面         7        0.0      0.0      0.0      0.0      0.0      0.0      0.0     
GR 39.041   0.000    34.672   3.393    34.300   3.817    34.247   8.264    34.220   13.434  
GR 34.738   19.856   38.606   21.741  
;
;qyhb2.1河道断面下游:仰山沟桥4-仰山沟桥5
NC 0.02     0.02     0.02    
X1 br1河道断面           7        0.0      0.0      0.0      0.0      0.0      0.0      0.0     
GR 36.833   0.000    31.377   11.910   30.879   25.816   30.909   36.101   30.954   42.757  
GR 32.103   46.132   37.276   57.376  
;
;br1.1河道断面下游：仰山沟桥4-仰山沟桥5-仰山沟桥5
NC 0.02     0.02     0.02    
X1 qyhb1河道断面         9        0.0      0.0      0.0      0.0      0.0      0.0      0.0     
GR 36.822   0.000    31.514   8.639    31.100   12.337   30.823   18.777   30.841   26.233  
GR 30.887   30.530   31.866   32.671   32.376   33.485   37.202   39.916  
;
NC 0.02     0.02     0.02    
X1 discout1break     13       0.0      0.0      0.0      0.0      0.0      0.0      0.0     
GR 32.728   0.000    28.150   29.593   27.970   29.760   27.477   29.947   26.372   30.449  
GR 26.207   30.635   26.207   59.904   26.207   91.762   26.398   91.988   27.930   92.749  
GR 28.085   92.922   29.102   105.951  32.853   127.825 

