[COORDINATES]
;;Node           X-Coord            Y-Coord           
;;-------------- ------------------ ------------------
21776            504831.012         320805.162        
21756            504835.359         320861.072        
22059            504817.150         321722.740        
22058            504814.520         321762.548        
21775            504775.642         321772.058        
21507            504783.690         321686.431        
21509            504792.030         321548.062        
21552            504793.530         321521.746        
21554            505017.599         320612.159        
21556            504834.831         321444.054        
21686            504815.780         320734.500        
21688            504857.299         320725.900        
21695            504840.011         321363.985        
21697            504812.901         321218.818        
21757            504834.111         320836.179        
21761            504829.541         321524.548        
21506            504780.012         321726.468        
21778            504870.230         320836.795        
21812            505069.939         320603.869        
21828            504868.439         320932.070        
22012            504809.619         321282.171        
22014            504824.960         321042.509        
22054            504801.631         321400.585        
22057            504828.358         320655.048        
22011            504806.921         321323.645        
22056            504787.719         320674.219        
22159            504797.430         321471.626        
22160            504869.450         320635.630        
21555            504832.160         321485.295        
21694            504837.431         321402.758        
22862            504826.961         321002.239        
21758            505169.080         320616.979        
21827            504866.370         320961.599        
22979            504830.461         320957.605        
22980            504918.830         320627.809        
22981            504842.611         321324.895        
22983            504860.691         321044.335        
23108            504786.810         321640.262        
22055            504834.330         320892.444        
21553            504968.210         320619.979        
22863            505119.509         320610.418        
23199            504862.851         321010.914        
21777            504871.359         320862.005        
21508            504787.810         321618.304        
23868            504824.320         321604.402        
21760            504827.771         321550.169        
21687            504865.469         320762.090        
22075            504803.729         320708.380        
23869            504826.340         321573.982        
23897            504845.211         321283.208        
23198            504832.490         320923.618        
23867            504821.760         321643.816        
23933            504854.270         321147.369        
23870            504868.721         320802.621        
22053            504799.030         321441.645        
22013            504818.470         321142.795        
23932            504818.960         321693.689        
22982            504855.371         321129.944        
21685            504824.499         320771.505        
23200            504870.560         320894.459        
25360            504843.239         320686.450        
22074            504804.071         321363.555        
21696            504811.581         321238.863        
T2               506772.751         321929.854        
T3               506779.331         322679.250        
T4               506586.800         322823.076        
T5               506438.770         322939.016        
T7               505744.612         322939.178        
T8               505470.918         322978.349        
T9               505470.419         323445.733        
T10              504906.884         322978.646        
T11              504835.174         322978.934        
T12              507070.927         323337.150        
T13              506575.916         322835.375        
T14              507072.363         323352.831        
T15              507176.746         323215.065        
T16              507217.102         323119.849        
T17              507256.036         321664.869        
T18              507256.052         321633.495        
T19              504868.663         323523.483        
T20              504761.613         322801.014        
T21              504755.583         322720.476        
T22              504758.054         322630.473        
T23              504783.244         322242.631        
T27              504821.293         323486.342        
T28              504722.528         322784.102        
T29              504725.282         322561.297        
T30              504746.250         322241.223        
T34              504178.637         322251.314        
T35              504688.621         322249.593        
T36              504836.343         322250.754        
T37              505032.097         322248.271        
T38              505039.444         322237.333        
T39              505453.804         322917.705        
T40              505453.745         322617.059        
T41              505452.721         322281.652        
T45              506049.626         321843.102        
T46              506143.055         322151.166        
T47              506242.543         322478.853        
T48              506400.554         322065.234        
T49              506481.599         321958.351        
T51              504156.624         322250.731        
T52              504156.555         322427.614        
T53              504155.352         322712.658        
T54              504840.277         322275.576        
T55              505010.070         322275.603        
T56              505053.141         322281.656        
T57              505457.711         322228.152        
T58              505457.695         322102.602        
T59              505460.994         321774.818        
T60              505489.847         322278.651        
T61              505489.228         321591.125        
T62              507251.143         322953.542        
tz1              504813.272         323429.308        
tz2              504804.467         323366.704        
tz3              504794.943         323298.988        
tz4              504784.905         323227.617        
tz5              504774.792         323155.707        
tz6              504764.344         323081.421        
tz7              504755.180         323016.261        
tz8              504744.732         322941.975        
tz9              504734.464         322868.967        
tz10             504723.285         322722.856        
tz11             504724.326         322638.645        
tz12             504730.802         322477.028        
tz13             504735.463         322405.880        
tz14             504741.057         322320.498        
tz15             504751.877         322156.029        
tz16             504758.132         322061.311        
tz17             504764.215         321969.213        
tz18             504770.470         321874.495        
tz23             504853.971         323424.327        
tz24             504836.633         323307.316        
tz25             504818.968         323188.098        
tz26             504800.650         323064.469        
tz27             504780.242         322926.741        
tz28             504765.956         322508.813        
tz29             504774.890         322371.262        
tz30             504792.409         322101.260        
tz31             504801.850         321955.631        
tz32             504810.960         321815.102        
tz36             504155.960         322568.708        
tz37             504333.533         322250.791        
tz38             504526.444         322250.140        
tz39             505470.571         323303.736        
tz40             505470.734         323150.975        
tz41             505453.776         322774.537        
tz42             505453.226         322447.203        
tz43             505459.176         321955.476        
tz44             505463.056         321612.731        
tz45             505483.577         321491.654        
tz46             505512.307         321348.003        
tz47             504930.092         322275.590        
tz48             505132.164         322281.655        
tz49             505224.661         322281.654        
tz50             505314.313         322281.653        
tz51             505388.311         322281.653        
tz52             505556.503         322265.642        
tz53             505623.072         322252.650        
tz54             505695.660         322238.483        
tz55             505771.257         322223.729        
tz56             505847.957         322208.760        
tz57             505917.803         322195.128        
tz58             505995.606         322179.943        
tz59             506066.522         322166.103        
tz60             506214.519         322127.317        
tz61             506304.160         322097.402        
tz62             506485.348         321865.845        
tz63             506487.773         321806.003        
tz64             506490.832         321730.532        
tz65             505489.759         322181.405        
tz66             505489.669         322080.810        
tz67             505489.582         321984.583        
tz68             505489.502         321895.645        
tz69             505489.426         321811.083        
tz70             505489.326         321700.277        
tz71             505513.004         321510.119        
tz72             505541.042         321414.594        
tz73             505564.724         321333.908        
tz74             505589.379         321249.910        
tz75             504989.689         322978.602        
tz76             505076.657         322978.557        
tz77             505162.100         322978.512        
tz78             505235.337         322978.473        
tz79             505317.729         322978.430        
tz80             505392.492         322978.390        
tz81             505548.036         322967.312        
tz82             505636.894         322954.595        
tz83             505818.181         322939.024        
tz84             505903.624         322939.023        
tz85             505986.016         322939.022        
tz86             506076.036         322939.021        
tz87             506155.376         322939.020        
tz88             506228.613         322939.019        
tz89             506318.634         322939.018        
tz90             506510.383         322882.927        
tz91             506643.564         322780.671        
tz92             506711.042         322730.264        
tz93             506778.677         322604.762        
tz94             506777.940         322520.851        
tz95             506777.297         322447.606        
tz96             506776.654         322374.402        
tz97             506775.997         322299.578        
tz98             506775.328         322223.336        
tz99             506774.671         322148.539        
tz100            506773.988         322070.770        
tz101            506773.399         322003.615        
tz102            506772.979         321864.764        
tz103            506773.225         321794.580        
tz104            506773.504         321715.246        
tz105            507010.313         323275.707        
tz106            506958.444         323223.130        
tz107            506905.014         323168.970        
tz108            506853.925         323117.183        
tz109            506805.221         323067.813        
tz110            506761.198         323023.189        
tz111            506710.922         322972.226        
tz112            506665.360         322926.041        
tz113            506621.359         322881.439        
tz114            506543.056         322779.336        
tz115            506494.794         322731.079        
tz116            506448.114         322684.404        
tz117            506403.809         322640.103        
tz118            506357.129         322593.428        
tz119            506301.747         322538.051        
tz120            506222.362         322412.383        
tz121            506200.393         322340.023        
tz122            506180.624         322274.907        
tz123            506161.600         322212.248        
tz124            506124.239         322089.125        
tz125            506103.038         322019.217        
tz126            506079.066         321940.175        
tz127            506042.318         321758.719        
tz128            506034.743         321671.254        
tz129            506027.624         321589.044        
tz130            506021.320         321516.257        
tz131            507123.236         323285.688        
tz132            507234.615         323034.289        
tz147            504155.671         322636.992        
tz148            504156.290         322490.289        
tz149            504156.589         322339.763        
tz150            504252.282         322251.065        
tz151            504420.678         322250.497        
tz152            504608.191         322249.864        
tz154            504934.756         322249.506        
tz155            505470.489         323379.727        
tz156            505470.655         323225.145        
tz157            505470.827         323063.406        
tz158            505453.789         322841.556        
tz159            505453.760         322692.701        
tz160            505453.469         322526.672        
tz161            505452.971         322363.501        
TZ133            507251.357         322897.189        
TZ134            507251.550         322846.404        
TZ135            507251.812         322777.345        
TZ136            507252.067         322710.301        
TZ137            507252.352         322635.152        
TZ138            507252.610         322567.101        
TZ139            507252.869         322499.053        
TZ140            507253.177         322417.802        
TZ141            507253.513         322329.438        
TZ142            507253.840         322243.110        
TZ143            507254.134         322165.918        
TZ144            507254.411         322092.792        
TZ145            507254.708         322014.588        
TZ146            507254.951         321950.599        
TZ1461           507255.209         321882.548        
TZ1462           507255.449         321819.586        
TZ1463           507255.719         321748.480        
DD19             507260.147         321506.111        
DD17             505279.491         320485.493        
DD18A            506443.467         321499.350        
dscout1breakA    505644.570         321100.628        
dscout1breakB    505686.466         321142.701        
DD18B            506470.443         321508.611        
DD18C            506499.702         321515.926        
