[INFILTRATION]
;;Subcatchment   Param1     Param2     Param3     Param4     Param5    
;;-------------- ---------- ---------- ---------- ---------- ----------
S22981           58.392000  3.000000   5.580000   7.000000   0.000000  
S21758           58.392000  3.000000   5.580000   7.000000   0.000000  
S21553           58.392000  3.000000   5.580000   7.000000   0.000000  
S21828           58.392000  3.000000   5.580000   7.000000   0.000000  
S22059           58.392000  3.000000   5.580000   7.000000   0.000000  
S25360           58.392000  3.000000   5.580000   7.000000   0.000000  
S22075           58.392000  3.000000   5.580000   7.000000   0.000000  
S22863           58.392000  3.000000   5.580000   7.000000   0.000000  
S22980           58.392000  3.000000   5.580000   7.000000   0.000000  
S22160           58.392000  3.000000   5.580000   7.000000   0.000000  
S22056           58.392000  3.000000   5.580000   7.000000   0.000000  
S22057           58.392000  3.000000   5.580000   7.000000   0.000000  
S21812           58.392000  3.000000   5.580000   7.000000   0.000000  
S21688           58.392000  3.000000   5.580000   7.000000   0.000000  
S21554           58.392000  3.000000   5.580000   7.000000   0.000000  
S23200           58.392000  3.000000   5.580000   7.000000   0.000000  
S21685           58.392000  3.000000   5.580000   7.000000   0.000000  
S22982           58.392000  3.000000   5.580000   7.000000   0.000000  
S23870           58.392000  3.000000   5.580000   7.000000   0.000000  
S23198           58.392000  3.000000   5.580000   7.000000   0.000000  
S21687           58.392000  3.000000   5.580000   7.000000   0.000000  
S21777           58.392000  3.000000   5.580000   7.000000   0.000000  
S23199           58.392000  3.000000   5.580000   7.000000   0.000000  
S22055           58.392000  3.000000   5.580000   7.000000   0.000000  
S22983           58.392000  3.000000   5.580000   7.000000   0.000000  
S22979           58.392000  3.000000   5.580000   7.000000   0.000000  
S21827           58.392000  3.000000   5.580000   7.000000   0.000000  
S22862           58.392000  3.000000   5.580000   7.000000   0.000000  
S22014           58.392000  3.000000   5.580000   7.000000   0.000000  
S21778           58.392000  3.000000   5.580000   7.000000   0.000000  
S21757           58.392000  3.000000   5.580000   7.000000   0.000000  
S21686           58.392000  3.000000   5.580000   7.000000   0.000000  
S21756           58.392000  3.000000   5.580000   7.000000   0.000000  
S21776           58.392000  3.000000   5.580000   7.000000   0.000000  
S21696           58.392000  3.000000   5.580000   7.000000   0.000000  
S22074           58.392000  3.000000   5.580000   7.000000   0.000000  
S22013           58.392000  3.000000   5.580000   7.000000   0.000000  
S22053           58.392000  3.000000   5.580000   7.000000   0.000000  
S23933           58.392000  3.000000   5.580000   7.000000   0.000000  
S23897           58.392000  3.000000   5.580000   7.000000   0.000000  
S21694           58.392000  3.000000   5.580000   7.000000   0.000000  
S21555           58.392000  3.000000   5.580000   7.000000   0.000000  
S22159           58.392000  3.000000   5.580000   7.000000   0.000000  
S22011           58.392000  3.000000   5.580000   7.000000   0.000000  
S22054           58.392000  3.000000   5.580000   7.000000   0.000000  
S22012           58.392000  3.000000   5.580000   7.000000   0.000000  
S21761           58.392000  3.000000   5.580000   7.000000   0.000000  
S21697           58.392000  3.000000   5.580000   7.000000   0.000000  
S21695           58.392000  3.000000   5.580000   7.000000   0.000000  
S21556           58.392000  3.000000   5.580000   7.000000   0.000000  
S21552           58.392000  3.000000   5.580000   7.000000   0.000000  
S23932           58.392000  3.000000   5.580000   7.000000   0.000000  
S23867           58.392000  3.000000   5.580000   7.000000   0.000000  
S23869           58.392000  3.000000   5.580000   7.000000   0.000000  
S21760           58.392000  3.000000   5.580000   7.000000   0.000000  
S23868           58.392000  3.000000   5.580000   7.000000   0.000000  
S21508           58.392000  3.000000   5.580000   7.000000   0.000000  
S23108           58.392000  3.000000   5.580000   7.000000   0.000000  
S21506           58.392000  3.000000   5.580000   7.000000   0.000000  
S21509           58.392000  3.000000   5.580000   7.000000   0.000000  
S21507           58.392000  3.000000   5.580000   7.000000   0.000000  
S21775           58.392000  3.000000   5.580000   7.000000   0.000000  
S22058           58.392000  3.000000   5.580000   7.000000   0.000000  
ST14             0.000000   0.000000   0.000000   0.000000   0.000000  
Stz105           0.000000   0.000000   0.000000   0.000000   0.000000  
Stz106           0.000000   0.000000   0.000000   0.000000   0.000000  
ST27             0.000000   0.000000   0.000000   0.000000   0.000000  
ST19             0.000000   0.000000   0.000000   0.000000   0.000000  
ST9              0.000000   0.000000   0.000000   0.000000   0.000000  
Stz1             0.000000   0.000000   0.000000   0.000000   0.000000  
Stz107           0.000000   0.000000   0.000000   0.000000   0.000000  
Stz86            0.000000   0.000000   0.000000   0.000000   0.000000  
Stz87            0.000000   0.000000   0.000000   0.000000   0.000000  
Stz88            0.000000   0.000000   0.000000   0.000000   0.000000  
Stz89            0.000000   0.000000   0.000000   0.000000   0.000000  
ST5              0.000000   0.000000   0.000000   0.000000   0.000000  
Stz108           0.000000   0.000000   0.000000   0.000000   0.000000  
Stz85            0.000000   0.000000   0.000000   0.000000   0.000000  
Stz2             0.000000   0.000000   0.000000   0.000000   0.000000  
Stz23            0.000000   0.000000   0.000000   0.000000   0.000000  
Stz109           0.000000   0.000000   0.000000   0.000000   0.000000  
ST53             0.000000   0.000000   0.000000   0.000000   0.000000  
Stz3             0.000000   0.000000   0.000000   0.000000   0.000000  
Stz155           0.000000   0.000000   0.000000   0.000000   0.000000  
Stz84            0.000000   0.000000   0.000000   0.000000   0.000000  
Stz24            0.000000   0.000000   0.000000   0.000000   0.000000  
Stz131           0.000000   0.000000   0.000000   0.000000   0.000000  
Stz4             0.000000   0.000000   0.000000   0.000000   0.000000  
ST12             0.000000   0.000000   0.000000   0.000000   0.000000  
Stz39            0.000000   0.000000   0.000000   0.000000   0.000000  
Stz83            0.000000   0.000000   0.000000   0.000000   0.000000  
Stz110           0.000000   0.000000   0.000000   0.000000   0.000000  
Stz77            0.000000   0.000000   0.000000   0.000000   0.000000  
ST15             0.000000   0.000000   0.000000   0.000000   0.000000  
Stz5             0.000000   0.000000   0.000000   0.000000   0.000000  
Stz156           0.000000   0.000000   0.000000   0.000000   0.000000  
Stz76            0.000000   0.000000   0.000000   0.000000   0.000000  
ST7              0.000000   0.000000   0.000000   0.000000   0.000000  
Stz78            0.000000   0.000000   0.000000   0.000000   0.000000  
Stz25            0.000000   0.000000   0.000000   0.000000   0.000000  
ST16             0.000000   0.000000   0.000000   0.000000   0.000000  
Stz82            0.000000   0.000000   0.000000   0.000000   0.000000  
Stz75            0.000000   0.000000   0.000000   0.000000   0.000000  
Stz40            0.000000   0.000000   0.000000   0.000000   0.000000  
Stz6             0.000000   0.000000   0.000000   0.000000   0.000000  
Stz111           0.000000   0.000000   0.000000   0.000000   0.000000  
Stz79            0.000000   0.000000   0.000000   0.000000   0.000000  
Stz26            0.000000   0.000000   0.000000   0.000000   0.000000  
ST10             0.000000   0.000000   0.000000   0.000000   0.000000  
Stz7             0.000000   0.000000   0.000000   0.000000   0.000000  
Stz157           0.000000   0.000000   0.000000   0.000000   0.000000  
Stz81            0.000000   0.000000   0.000000   0.000000   0.000000  
Stz80            0.000000   0.000000   0.000000   0.000000   0.000000  
Stz132           0.000000   0.000000   0.000000   0.000000   0.000000  
Stz112           0.000000   0.000000   0.000000   0.000000   0.000000  
ST11             0.000000   0.000000   0.000000   0.000000   0.000000  
Stz8             0.000000   0.000000   0.000000   0.000000   0.000000  
ST8              0.000000   0.000000   0.000000   0.000000   0.000000  
Stz90            0.000000   0.000000   0.000000   0.000000   0.000000  
ST62             0.000000   0.000000   0.000000   0.000000   0.000000  
Stz113           0.000000   0.000000   0.000000   0.000000   0.000000  
Stz27            0.000000   0.000000   0.000000   0.000000   0.000000  
ST39             0.000000   0.000000   0.000000   0.000000   0.000000  
Stz9             0.000000   0.000000   0.000000   0.000000   0.000000  
STZ133           0.000000   0.000000   0.000000   0.000000   0.000000  
ST13             0.000000   0.000000   0.000000   0.000000   0.000000  
Stz158           0.000000   0.000000   0.000000   0.000000   0.000000  
STZ134           0.000000   0.000000   0.000000   0.000000   0.000000  
ST28             0.000000   0.000000   0.000000   0.000000   0.000000  
ST3              0.000000   0.000000   0.000000   0.000000   0.000000  
ST20             0.000000   0.000000   0.000000   0.000000   0.000000  
Stz92            0.000000   0.000000   0.000000   0.000000   0.000000  
ST4              0.000000   0.000000   0.000000   0.000000   0.000000  
Stz91            0.000000   0.000000   0.000000   0.000000   0.000000  
Stz114           0.000000   0.000000   0.000000   0.000000   0.000000  
Stz115           0.000000   0.000000   0.000000   0.000000   0.000000  
STZ135           0.000000   0.000000   0.000000   0.000000   0.000000  
Stz41            0.000000   0.000000   0.000000   0.000000   0.000000  
Stz116           0.000000   0.000000   0.000000   0.000000   0.000000  
Stz117           0.000000   0.000000   0.000000   0.000000   0.000000  
ST21             0.000000   0.000000   0.000000   0.000000   0.000000  
Stz10            0.000000   0.000000   0.000000   0.000000   0.000000  
Stz118           0.000000   0.000000   0.000000   0.000000   0.000000  
STZ136           0.000000   0.000000   0.000000   0.000000   0.000000  
Stz159           0.000000   0.000000   0.000000   0.000000   0.000000  
Stz119           0.000000   0.000000   0.000000   0.000000   0.000000  
ST47             0.000000   0.000000   0.000000   0.000000   0.000000  
ST22             0.000000   0.000000   0.000000   0.000000   0.000000  
Stz11            0.000000   0.000000   0.000000   0.000000   0.000000  
Stz147           0.000000   0.000000   0.000000   0.000000   0.000000  
STZ137           0.000000   0.000000   0.000000   0.000000   0.000000  
ST40             0.000000   0.000000   0.000000   0.000000   0.000000  
Stz93            0.000000   0.000000   0.000000   0.000000   0.000000  
Stz48            0.000000   0.000000   0.000000   0.000000   0.000000  
ST56             0.000000   0.000000   0.000000   0.000000   0.000000  
Stz36            0.000000   0.000000   0.000000   0.000000   0.000000  
STZ138           0.000000   0.000000   0.000000   0.000000   0.000000  
ST29             0.000000   0.000000   0.000000   0.000000   0.000000  
Stz28            0.000000   0.000000   0.000000   0.000000   0.000000  
Stz55            0.000000   0.000000   0.000000   0.000000   0.000000  
Stz56            0.000000   0.000000   0.000000   0.000000   0.000000  
Stz160           0.000000   0.000000   0.000000   0.000000   0.000000  
Stz54            0.000000   0.000000   0.000000   0.000000   0.000000  
Stz94            0.000000   0.000000   0.000000   0.000000   0.000000  
Stz49            0.000000   0.000000   0.000000   0.000000   0.000000  
Stz120           0.000000   0.000000   0.000000   0.000000   0.000000  
Stz151           0.000000   0.000000   0.000000   0.000000   0.000000  
STZ139           0.000000   0.000000   0.000000   0.000000   0.000000  
Stz148           0.000000   0.000000   0.000000   0.000000   0.000000  
Stz12            0.000000   0.000000   0.000000   0.000000   0.000000  
ST55             0.000000   0.000000   0.000000   0.000000   0.000000  
Stz38            0.000000   0.000000   0.000000   0.000000   0.000000  
Stz53            0.000000   0.000000   0.000000   0.000000   0.000000  
Stz57            0.000000   0.000000   0.000000   0.000000   0.000000  
Stz42            0.000000   0.000000   0.000000   0.000000   0.000000  
Stz95            0.000000   0.000000   0.000000   0.000000   0.000000  
Stz47            0.000000   0.000000   0.000000   0.000000   0.000000  
Stz37            0.000000   0.000000   0.000000   0.000000   0.000000  
Stz50            0.000000   0.000000   0.000000   0.000000   0.000000  
ST52             0.000000   0.000000   0.000000   0.000000   0.000000  
STZ140           0.000000   0.000000   0.000000   0.000000   0.000000  
Stz121           0.000000   0.000000   0.000000   0.000000   0.000000  
Stz29            0.000000   0.000000   0.000000   0.000000   0.000000  
Stz13            0.000000   0.000000   0.000000   0.000000   0.000000  
Stz52            0.000000   0.000000   0.000000   0.000000   0.000000  
Stz96            0.000000   0.000000   0.000000   0.000000   0.000000  
Stz152           0.000000   0.000000   0.000000   0.000000   0.000000  
Stz161           0.000000   0.000000   0.000000   0.000000   0.000000  
Stz58            0.000000   0.000000   0.000000   0.000000   0.000000  
Stz150           0.000000   0.000000   0.000000   0.000000   0.000000  
Stz149           0.000000   0.000000   0.000000   0.000000   0.000000  
Stz51            0.000000   0.000000   0.000000   0.000000   0.000000  
ST54             0.000000   0.000000   0.000000   0.000000   0.000000  
STZ141           0.000000   0.000000   0.000000   0.000000   0.000000  
Stz14            0.000000   0.000000   0.000000   0.000000   0.000000  
Stz122           0.000000   0.000000   0.000000   0.000000   0.000000  
ST60             0.000000   0.000000   0.000000   0.000000   0.000000  
Stz97            0.000000   0.000000   0.000000   0.000000   0.000000  
ST35             0.000000   0.000000   0.000000   0.000000   0.000000  
ST48             0.000000   0.000000   0.000000   0.000000   0.000000  
ST41             0.000000   0.000000   0.000000   0.000000   0.000000  
ST34             0.000000   0.000000   0.000000   0.000000   0.000000  
ST51             0.000000   0.000000   0.000000   0.000000   0.000000  
Stz59            0.000000   0.000000   0.000000   0.000000   0.000000  
ST23             0.000000   0.000000   0.000000   0.000000   0.000000  
Stz61            0.000000   0.000000   0.000000   0.000000   0.000000  
STZ142           0.000000   0.000000   0.000000   0.000000   0.000000  
ST30             0.000000   0.000000   0.000000   0.000000   0.000000  
Stz123           0.000000   0.000000   0.000000   0.000000   0.000000  
ST37             0.000000   0.000000   0.000000   0.000000   0.000000  
Stz154           0.000000   0.000000   0.000000   0.000000   0.000000  
ST36             0.000000   0.000000   0.000000   0.000000   0.000000  
Stz98            0.000000   0.000000   0.000000   0.000000   0.000000  
ST38             0.000000   0.000000   0.000000   0.000000   0.000000  
ST57             0.000000   0.000000   0.000000   0.000000   0.000000  
Stz65            0.000000   0.000000   0.000000   0.000000   0.000000  
Stz60            0.000000   0.000000   0.000000   0.000000   0.000000  
STZ143           0.000000   0.000000   0.000000   0.000000   0.000000  
Stz15            0.000000   0.000000   0.000000   0.000000   0.000000  
ST46             0.000000   0.000000   0.000000   0.000000   0.000000  
Stz99            0.000000   0.000000   0.000000   0.000000   0.000000  
Stz30            0.000000   0.000000   0.000000   0.000000   0.000000  
ST58             0.000000   0.000000   0.000000   0.000000   0.000000  
Stz66            0.000000   0.000000   0.000000   0.000000   0.000000  
Stz124           0.000000   0.000000   0.000000   0.000000   0.000000  
STZ144           0.000000   0.000000   0.000000   0.000000   0.000000  
ST49             0.000000   0.000000   0.000000   0.000000   0.000000  
Stz100           0.000000   0.000000   0.000000   0.000000   0.000000  
Stz16            0.000000   0.000000   0.000000   0.000000   0.000000  
Stz125           0.000000   0.000000   0.000000   0.000000   0.000000  
STZ145           0.000000   0.000000   0.000000   0.000000   0.000000  
Stz31            0.000000   0.000000   0.000000   0.000000   0.000000  
Stz101           0.000000   0.000000   0.000000   0.000000   0.000000  
Stz67            0.000000   0.000000   0.000000   0.000000   0.000000  
Stz43            0.000000   0.000000   0.000000   0.000000   0.000000  
Stz126           0.000000   0.000000   0.000000   0.000000   0.000000  
Stz17            0.000000   0.000000   0.000000   0.000000   0.000000  
STZ146           0.000000   0.000000   0.000000   0.000000   0.000000  
ST2              0.000000   0.000000   0.000000   0.000000   0.000000  
ST45             0.000000   0.000000   0.000000   0.000000   0.000000  
Stz68            0.000000   0.000000   0.000000   0.000000   0.000000  
Stz18            0.000000   0.000000   0.000000   0.000000   0.000000  
Stz62            0.000000   0.000000   0.000000   0.000000   0.000000  
STZ1461          0.000000   0.000000   0.000000   0.000000   0.000000  
Stz32            0.000000   0.000000   0.000000   0.000000   0.000000  
Stz102           0.000000   0.000000   0.000000   0.000000   0.000000  
ST59             0.000000   0.000000   0.000000   0.000000   0.000000  
Stz69            0.000000   0.000000   0.000000   0.000000   0.000000  
STZ1462          0.000000   0.000000   0.000000   0.000000   0.000000  
Stz63            0.000000   0.000000   0.000000   0.000000   0.000000  
Stz103           0.000000   0.000000   0.000000   0.000000   0.000000  
Stz127           0.000000   0.000000   0.000000   0.000000   0.000000  
STZ1463          0.000000   0.000000   0.000000   0.000000   0.000000  
Stz64            0.000000   0.000000   0.000000   0.000000   0.000000  
Stz104           0.000000   0.000000   0.000000   0.000000   0.000000  
Stz70            0.000000   0.000000   0.000000   0.000000   0.000000  
Stz128           0.000000   0.000000   0.000000   0.000000   0.000000  
ST17             0.000000   0.000000   0.000000   0.000000   0.000000  
Stz44            0.000000   0.000000   0.000000   0.000000   0.000000  
Stz129           0.000000   0.000000   0.000000   0.000000   0.000000  
ST18             0.000000   0.000000   0.000000   0.000000   0.000000  
ST61             0.000000   0.000000   0.000000   0.000000   0.000000  
Stz71            0.000000   0.000000   0.000000   0.000000   0.000000  
Stz130           0.000000   0.000000   0.000000   0.000000   0.000000  
Stz45            0.000000   0.000000   0.000000   0.000000   0.000000  
Stz72            0.000000   0.000000   0.000000   0.000000   0.000000  
Stz73            0.000000   0.000000   0.000000   0.000000   0.000000  
Stz46            0.000000   0.000000   0.000000   0.000000   0.000000  
Stz74            0.000000   0.000000   0.000000   0.000000   0.000000  
